4499551005
9542168280
16913784177
12556290084
20029582200
29236562154
40177229946
25925989920
36968333931
49744365780
64254085467
77030117316
50964171765
67020307536
84810131145
50482451280
68373951108
67431105450
87647312436
109597207260
133280789922
84652672368
108437931249
133956877968
77067026100
102687649038
130041959814
159129958428
92346360627
121536035460
152459398131
185116448640
108439104906
141197831634
175690246200
211916348604
125345258937
161673037560
199734504021
239529658320
143064822720
182961653238
224592171594
267956377788
148595137470
191772071910
236682694188
283327004304
166785728865
213531715200
262011389373
312224751384
185789730012
236104768242
288153494310
341935908216
189137106450
242732248602
298061078592
355123596420
208612135209
265776329256
324674211141
385305780864
228900573720
289633819662
352100753442
416301375060
230065011846
294078361710
359825399412
427306124952
250824477969
318406879728
387722969325
458772746760
272397353844
343548807498
416433948990
491052778320
271378853658
345810411234
421975656648
499874589900
293422757145
371423366616
451157663925
532625649072
316280070384
397849731750
481153080954
566190117996
339950793375
425089506636
511961907735
600567996672
364434926118
453142691274
543584144268
635759285100
4499551005
9542168280
16913784177
12556290084
20029582200
29236562154
40177229946
25925989920
36968333931
49744365780
64254085467
77030117316
50964171765
67020307536
84810131145
50482451280
68373951108
67431105450
87647312436
109597207260
133280789922
84652672368
108437931249
133956877968
77067026100
102687649038
130041959814
159129958428
92346360627
121536035460
152459398131
185116448640
108439104906
141197831634
175690246200
211916348604
125345258937
161673037560
199734504021
239529658320
143064822720
182961653238
224592171594
267956377788
148595137470
191772071910
236682694188
283327004304
166785728865
213531715200
262011389373
312224751384
185789730012
236104768242
288153494310
341935908216
189137106450
242732248602
298061078592
355123596420
208612135209
265776329256
324674211141
385305780864
228900573720
289633819662
352100753442
416301375060
230065011846
294078361710
359825399412
427306124952
250824477969
318406879728
387722969325
458772746760
272397353844
343548807498
416433948990
491052778320
271378853658
345810411234
421975656648
499874589900
293422757145
371423366616
451157663925
532625649072
316280070384
397849731750
481153080954
566190117996
339950793375
425089506636
511961907735
600567996672
364434926118
453142691274
543584144268
635759285100
4499551005
9542168280
16913784177
12556290084
20029582200
29236562154
40177229946
25925989920
36968333931
49744365780
64254085467
77030117316
50964171765
67020307536
84810131145
50482451280
68373951108
67431105450
87647312436
109597207260
133280789922
84652672368
108437931249
133956877968
77067026100
102687649038
130041959814
159129958428
92346360627
121536035460
152459398131
185116448640
108439104906
141197831634
175690246200
211916348604
125345258937
161673037560
199734504021
239529658320
143064822720
182961653238
224592171594
267956377788
148595137470
191772071910
236682694188
283327004304
166785728865
213531715200
262011389373
312224751384
185789730012
236104768242
288153494310
341935908216
189137106450
242732248602
298061078592
355123596420
208612135209
265776329256
324674211141
385305780864
228900573720
289633819662
352100753442
416301375060
230065011846
294078361710
359825399412
427306124952
250824477969
318406879728
387722969325
458772746760
272397353844
343548807498
416433948990
491052778320
271378853658
345810411234
421975656648
499874589900
293422757145
371423366616
451157663925
532625649072
316280070384
397849731750
481153080954
566190117996
339950793375
425089506636
511961907735
600567996672
364434926118
453142691274
543584144268
635759285100
4499551005
9542168280
16913784177
12556290084
20029582200
29236562154
40177229946
25925989920
36968333931
49744365780
64254085467
77030117316
50964171765
67020307536
84810131145
50482451280
68373951108
67431105450
87647312436
109597207260
133280789922
84652672368
108437931249
133956877968
77067026100
102687649038
130041959814
159129958428
92346360627
121536035460
152459398131
185116448640
108439104906
141197831634
175690246200
211916348604
125345258937
161673037560
199734504021
239529658320
143064822720
182961653238
224592171594
267956377788
148595137470
191772071910
236682694188
283327004304
166785728865
213531715200
262011389373
312224751384
185789730012
236104768242
288153494310
341935908216
189137106450
242732248602
298061078592
355123596420
208612135209
265776329256
324674211141
385305780864
228900573720
289633819662
352100753442
416301375060
230065011846
294078361710
359825399412
427306124952
250824477969
318406879728
387722969325
458772746760
272397353844
343548807498
416433948990
491052778320
271378853658
345810411234
421975656648
499874589900
293422757145
371423366616
451157663925
532625649072
316280070384
397849731750
481153080954
566190117996
339950793375
425089506636
511961907735
600567996672
364434926118
453142691274
543584144268
635759285100
