1809383082
4004030128
6583941138
9549116112
12899555050
5129071308
7332340400
9920873456
12894670476
16253731460
19998056408
24127645320
28642498196
33542615036
38827995840
44498640608
50554549340
56995722036
63822158696
71033859320
78630823908
86613052460
94980544976
654086400
5497139550
10725456664
16339037742
22337882784
28721991790
35491364760
42646001694
50185902592
58111067454
66421496280
75117189070
84198145824
93664366542
103515851224
113752599870
124374612480
135381889054
146774429592
158552234094
170715302560
183263634990
196197231384
7652628924
17061785952
26856206944
37035891900
164791636050
178039707664
191673043242
205691642784
220095506290
234884633760
5245889436
16510577540
28160529608
40195745640
52616225636
65421969596
78612977520
92189249408
106150785260
120497585076
135229648856
150346976600
165849568308
181737423980
198010543616
214668927216
231712574780
249141486308
266955661800
285155101256
303739804676
322709772060
2762587182
18208115200
34038907182
50254963128
66856283038
83842866912
101214714750
118971826552
137114202318
155641842048
174554745742
193852913400
213536345022
233605040608
254059000158
274898223672
296122711150
317732462592
339727477998
362107757368
384873300702
408024108000
1809383082
4004030128
6583941138
9549116112
12899555050
5129071308
7332340400
9920873456
12894670476
16253731460
19998056408
24127645320
28642498196
33542615036
38827995840
44498640608
50554549340
56995722036
63822158696
71033859320
78630823908
86613052460
94980544976
654086400
5497139550
10725456664
16339037742
22337882784
28721991790
35491364760
42646001694
50185902592
58111067454
66421496280
75117189070
84198145824
93664366542
103515851224
113752599870
124374612480
135381889054
146774429592
158552234094
170715302560
183263634990
196197231384
7652628924
17061785952
26856206944
37035891900
164791636050
178039707664
191673043242
205691642784
220095506290
234884633760
5245889436
16510577540
28160529608
40195745640
52616225636
65421969596
78612977520
92189249408
106150785260
120497585076
135229648856
150346976600
165849568308
181737423980
198010543616
214668927216
231712574780
249141486308
266955661800
285155101256
303739804676
322709772060
2762587182
18208115200
34038907182
50254963128
66856283038
83842866912
101214714750
118971826552
137114202318
155641842048
174554745742
193852913400
213536345022
233605040608
254059000158
274898223672
296122711150
317732462592
339727477998
362107757368
384873300702
408024108000
1809383082
4004030128
6583941138
9549116112
12899555050
5129071308
7332340400
9920873456
12894670476
16253731460
19998056408
24127645320
28642498196
33542615036
38827995840
44498640608
50554549340
56995722036
63822158696
71033859320
78630823908
86613052460
94980544976
654086400
5497139550
10725456664
16339037742
22337882784
28721991790
35491364760
42646001694
50185902592
58111067454
66421496280
75117189070
84198145824
93664366542
103515851224
113752599870
124374612480
135381889054
146774429592
158552234094
170715302560
183263634990
196197231384
7652628924
17061785952
26856206944
37035891900
164791636050
178039707664
191673043242
205691642784
220095506290
234884633760
5245889436
16510577540
28160529608
40195745640
52616225636
65421969596
78612977520
92189249408
106150785260
120497585076
135229648856
150346976600
165849568308
181737423980
198010543616
214668927216
231712574780
249141486308
266955661800
285155101256
303739804676
322709772060
2762587182
18208115200
34038907182
50254963128
66856283038
83842866912
101214714750
118971826552
137114202318
155641842048
174554745742
193852913400
213536345022
233605040608
254059000158
274898223672
296122711150
317732462592
339727477998
362107757368
384873300702
408024108000
1809383082
4004030128
6583941138
9549116112
12899555050
5129071308
7332340400
9920873456
12894670476
16253731460
19998056408
24127645320
28642498196
33542615036
38827995840
44498640608
50554549340
56995722036
63822158696
71033859320
78630823908
86613052460
94980544976
654086400
5497139550
10725456664
16339037742
22337882784
28721991790
35491364760
42646001694
50185902592
58111067454
66421496280
75117189070
84198145824
93664366542
103515851224
113752599870
124374612480
135381889054
146774429592
158552234094
170715302560
183263634990
196197231384
7652628924
17061785952
26856206944
37035891900
164791636050
178039707664
191673043242
205691642784
220095506290
234884633760
5245889436
16510577540
28160529608
40195745640
52616225636
65421969596
78612977520
92189249408
106150785260
120497585076
135229648856
150346976600
165849568308
181737423980
198010543616
214668927216
231712574780
249141486308
266955661800
285155101256
303739804676
322709772060
2762587182
18208115200
34038907182
50254963128
66856283038
83842866912
101214714750
118971826552
137114202318
155641842048
174554745742
193852913400
213536345022
233605040608
254059000158
274898223672
296122711150
317732462592
339727477998
362107757368
384873300702
408024108000
