2122907356
1289955515
1645638434
812686593
2127218399
1294266558
461314717
1775846523
942894682
2122907356
109942841
1424474647
1289955515
1645638434
591522806
1906054612
812686593
2127218399
1073102771
240150930
1294266558
461314717
1554682736
1775846523
721730895
942894682
2036262701
109942841
1203310860
1424474647
370359019
591522806
686336543
1906054612
2000868349
1073102771
1167916508
240150930
334964667
1554682736
1649496473
721730895
816544632
2036262701
2131076438
1203310860
1298124597
370359019
465172756
686336543
1779704562
2000868349
946752721
1167916508
113800880
334964667
1428332686
1649496473
595380845
816544632
1909912651
2131076438
1076960810
1298124597
244008969
465172756
1558540775
1779704562
725588934
946752721
2040120740
113800880
1207168899
1428332686
374217058
595380845
1688748864
1909912651
855797023
1076960810
22845182
244008969
1337376988
1558540775
504425147
725588934
1818956953
2040120740
986005112
1207168899
153053271
374217058
233456696
1688748864
1547988502
855797023
715036661
22845182
2029568467
1337376988
1196616626
504425147
363664785
1818956953
1678196591
986005112
845244750
153053271
12292909
233456696
1326824715
1547988502
493872874
715036661
1808404680
2029568467
975452839
1196616626
142500998
363664785
1457032804
1678196591
624080963
845244750
1938612769
12292909
1105660928
1326824715
272709087
493872874
1587240893
1808404680
754289052
975452839
2068820858
142500998
1235869017
1457032804
402917176
624080963
1717448982
1938612769
884497141
1105660928
51545300
272709087
1366077106
1587240893
533125265
754289052
1847657071
2068820858
1014705230
1235869017
181753389
402917176
1496285195
1717448982
663333354
884497141
1977865160
51545300
1144913319
1366077106
311961478
533125265
1626493284
1847657071
793541443
1014705230
2108073249
181753389
1275121408
1496285195
442169567
663333354
1756701373
1977865160
923749532
1144913319
90797691
311961478
1405329497
1626493284
572377656
793541443
1886909462
2108073249
1053957621
1275121408
221005780
442169567
1756701373
923749532
90797691
1405329497
572377656
1886909462
1053957621
221005780
2122907356
1289955515
1645638434
812686593
2127218399
1294266558
461314717
1775846523
942894682
109942841
1424474647
591522806
1906054612
1073102771
240150930
1554682736
721730895
2036262701
1203310860
370359019
686336543
2000868349
1167916508
334964667
1649496473
816544632
2131076438
1298124597
465172756
1779704562
946752721
113800880
1428332686
595380845
1909912651
1076960810
244008969
1558540775
725588934
2040120740
1207168899
374217058
1688748864
855797023
22845182
1337376988
504425147
1818956953
986005112
153053271
233456696
1547988502
715036661
2029568467
1196616626
363664785
1678196591
845244750
12292909
1326824715
493872874
1808404680
975452839
142500998
1457032804
624080963
1938612769
1105660928
272709087
1587240893
754289052
2068820858
1235869017
402917176
1717448982
884497141
51545300
1366077106
533125265
1847657071
1014705230
181753389
1496285195
663333354
1977865160
1144913319
311961478
1626493284
793541443
2108073249
1275121408
442169567
1756701373
923749532
90797691
1405329497
572377656
1886909462
1053957621
221005780
